[-0.18983474  0.02513002  0.04539163 -0.02422611 -0.01144733 -0.01803678
  0.03936379 -0.0484585   0.13432737 -0.09550046  0.21969064 -0.04955412
 -0.17454906 -0.15888476 -0.0091827   0.15777715 -0.13785522 -0.16018477
 -0.09554985 -0.1111089  -0.03968006 -0.03196863 -0.0344083   0.05700627
 -0.12985004 -0.37949187 -0.10753736 -0.10731555  0.04903397 -0.07105139
  0.00888485  0.03918195 -0.26368773 -0.08239593 -0.0461058   0.07847401
  0.0572802   0.01350762  0.15427107  0.02048459 -0.12182921 -0.07964678
  0.09725718  0.26429135  0.16395217  0.06355326 -0.02228334  0.04033411
  0.06705777 -0.23145899  0.05493911  0.05224941  0.13937661  0.07097739
  0.06704294 -0.12692159  0.00950825  0.11789268 -0.16221014  0.08227675
 -0.06158374 -0.13297209 -0.05292424  0.00054777  0.30850393  0.06591679
 -0.056755   -0.10036765  0.29026565 -0.08247773  0.03782032  0.03379709
 -0.05709821 -0.12619296 -0.33408511  0.15489875  0.35075113  0.11912706
 -0.13109788  0.0976432  -0.12109761 -0.02335979  0.01215462  0.01125495
 -0.08455476  0.0024232  -0.08660603  0.0444704   0.16981381  0.05631516
 -0.00575146  0.15591162 -0.09027003  0.00820584  0.04327914  0.00107932
 -0.08861586  0.00504306 -0.09955439 -0.00837848  0.13510461 -0.08644898
  0.03959872  0.09039768 -0.1886802   0.06272278 -0.00965348 -0.04168377
  0.01031957  0.05532953 -0.1058329  -0.02855755  0.13969906 -0.27036142
  0.24985655  0.16592091 -0.02710161  0.17004198  0.08466438  0.06294987
 -0.00639102 -0.04245247 -0.14098138 -0.05329614  0.10589847 -0.08950287
  0.07010686  0.09220093][-0.18730925  0.00116929  0.08115706  0.00324208 -0.14672858  0.00772548
 -0.07208183 -0.01454396  0.16539624 -0.06792273  0.1686047  -0.00261672
 -0.26985455 -0.02341792 -0.02396173  0.07119756 -0.18389627 -0.08204707
 -0.03589046 -0.03117965  0.01321966 -0.01404211  0.09051     0.0118525
 -0.14559154 -0.41530088 -0.09725875 -0.14545438 -0.02093166 -0.11369002
  0.04130549  0.0285545  -0.12946191 -0.03944796  0.00120398  0.14589487
 -0.01399899  0.00139379  0.25646999 -0.02207429 -0.19549185 -0.0600456
 -0.01316497  0.27227339  0.11357728  0.06520706 -0.01629105  0.00912675
  0.08490219 -0.28907889  0.09151823  0.1955643   0.10934733 -0.0028276
  0.09563551 -0.05224279  0.04824102  0.14239992 -0.14747819  0.03004532
  0.05797064 -0.09839937 -0.01155937 -0.00218112  0.23353918  0.14177817
 -0.08570559 -0.09916564  0.08581574 -0.15420774 -0.08582271  0.04599717
 -0.13961419 -0.1638514  -0.33873573 -0.00493146  0.38756606  0.11638901
 -0.17266828 -0.00399407 -0.09502777 -0.00689837  0.05806603  0.08588847
 -0.12964512  0.04625592 -0.0955452   0.04476903  0.1380256  -0.01908001
 -0.04692559  0.15205105  0.0555527   0.07452324  0.07072757 -0.03404961
 -0.02245083 -0.10012098 -0.14960706 -0.01586882  0.11166556 -0.01607903
  0.02302755  0.08498735 -0.22416046  0.0680809  -0.0166611  -0.09807271
  0.04410491  0.01645842 -0.13475394 -0.05731441  0.20635357 -0.27279222
  0.16274226  0.21739738 -0.01864057  0.13822067  0.08198511  0.01229776
 -0.05701859  0.02788931 -0.11365196 -0.05796236  0.04652633  0.00910299
  0.05516633 -0.00543948][-1.78599760e-01  6.61494136e-02  9.14862230e-02  7.76170101e-03
 -7.22600892e-02 -2.19227225e-02 -6.17268793e-02 -1.16494164e-01
  1.39418066e-01 -6.66429773e-02  2.20686361e-01 -4.47572805e-02
 -2.19349116e-01 -1.48077682e-01 -7.55901560e-02  1.24713361e-01
 -1.31101385e-01 -1.57606423e-01  8.89414549e-03 -3.16248909e-02
  2.88893655e-02 -3.76167297e-02  5.75723536e-02  3.96451801e-02
 -1.22100480e-01 -3.75704169e-01 -1.00995079e-01 -9.46679860e-02
  1.18712932e-02 -7.23976344e-02  2.33101100e-03  2.73135751e-02
 -1.90932542e-01 -5.76593168e-02 -3.73436436e-02  1.10905476e-01
  1.36668831e-02 -1.64688081e-02  1.77734345e-01 -8.59301910e-03
 -1.63548395e-01 -1.17547840e-01 -5.11535257e-03  2.68823445e-01
  1.58089101e-01  8.72108266e-02  1.27350306e-02 -5.25410622e-02
  4.01019454e-02 -2.35187754e-01  1.79320611e-02  1.64320752e-01
  5.88403270e-02 -8.76398385e-03  8.36769491e-03 -7.50124976e-02
  2.02108324e-02  1.11775510e-01 -1.36093944e-01  3.10665220e-02
  3.26655656e-02 -7.67316073e-02 -4.89237383e-02 -4.50062379e-02
  2.59776682e-01  1.25278071e-01 -7.50384033e-02 -1.01097047e-01
  1.70341402e-01 -1.64450988e-01 -8.40487182e-02  1.30403042e-02
 -1.01183444e-01 -1.74241126e-01 -3.28206718e-01  5.49115241e-03
  4.00971889e-01  1.25678644e-01 -1.59860492e-01  4.35063355e-02
 -6.90213367e-02  3.70746963e-02  1.06506936e-01  7.37541765e-02
 -1.13995284e-01  5.26174307e-02 -1.12310439e-01 -1.10559464e-02
  1.79289177e-01 -6.68361783e-04 -3.64219360e-02  1.48574293e-01
 -2.14035474e-02  8.32404941e-02  7.45675117e-02 -1.56205893e-02
  1.30832195e-05  4.09701914e-02 -1.39359131e-01  4.01808321e-03
  9.29233879e-02 -1.59494728e-02  6.11721277e-02  8.15539360e-02
 -1.49226993e-01  6.91045746e-02  1.45325661e-02 -1.68737192e-02
  5.35472706e-02  4.39210236e-03 -1.37813270e-01 -6.88854828e-02
  1.81886852e-01 -2.15685427e-01  1.83469385e-01  1.99568629e-01
  1.43774599e-02  1.51797503e-01  1.50918782e-01  9.48033109e-02
 -2.52827853e-02 -1.18997395e-02 -1.21865675e-01 -3.32127996e-02
  7.09115937e-02 -7.67728537e-02  8.82547647e-02  1.25815347e-02][-0.04616247  0.12268409  0.11749013  0.02083032 -0.02427261  0.01353194
 -0.03969929 -0.01493578  0.19252758 -0.06643035  0.22062735  0.01974796
 -0.1967631  -0.10756184 -0.02683108  0.16619807 -0.11663501 -0.08617492
 -0.09045865 -0.05534782  0.01766124  0.05630831  0.01502085  0.03469051
 -0.16260591 -0.3369858  -0.06689239 -0.12787099  0.01998475 -0.10834783
 -0.06642427  0.01780172 -0.12443282 -0.02860046  0.0043861   0.01213872
  0.0431497  -0.01841533  0.20997988  0.13683058 -0.17361289  0.04770178
  0.0282532   0.28723228  0.21482521  0.00367466  0.04465632 -0.06622729
  0.09332827 -0.19418153  0.06506427  0.16081434  0.12722838  0.11751232
  0.08330424 -0.11565582 -0.04672542  0.04137928 -0.12808909  0.0542431
  0.03849772 -0.00695132 -0.03874452 -0.03821879  0.15924865  0.05101021
 -0.15600517 -0.07360537  0.06008568 -0.18254951 -0.04026054  0.0344762
 -0.10714401 -0.1162047  -0.33424881  0.07603459  0.39308885  0.1876003
 -0.27045381 -0.03974163 -0.12613186 -0.05744705  0.02975743  0.11924626
 -0.0739186   0.04039766 -0.01628282 -0.00430493  0.14421237  0.03305035
  0.01735904  0.23938233  0.02753053  0.03259189 -0.00996328  0.03932346
 -0.10197651 -0.08143011 -0.0640549  -0.04121527 -0.03601586 -0.09381691
  0.02883019  0.06960478 -0.25770333  0.16307808  0.0392518  -0.04796413
  0.03199887  0.15032287 -0.09705454 -0.06723766  0.1648476  -0.20298576
  0.12359403  0.19182454  0.01469822  0.11242051  0.09018018  0.14674556
 -0.08958856  0.0075589  -0.00416265 -0.08751017 -0.0324827  -0.02220572
  0.06554431  0.00771879]